0       0       1
0       1       0
0       2       2
0       3       0
0       4       6
0       5       0
0       6       20
0       7       0
0       8       70
0       9       0
0       10      252
0       11      0
0       12      924
0       13      0
0       14      3432
0       15      0
0       16      12870
0       17      0
0       18      48620
0       19      0
0       20      184756
0       21      0
0       22      705432
0       23      0
0       24      2704156
0       25      0
0       26      10400600
0       27      0
0       28      40116600
0       29      0
0       30      155117520
1       0       1
1       1       2
1       2       4
1       3       8
1       4       16
1       5       32
1       6       64
1       7       128
1       8       256
1       9       512
1       10      1024
1       11      2048
1       12      4096
1       13      8192
1       14      16384
1       15      32768
1       16      65536
1       17      131072
1       18      262144
1       19      524288
1       20      1048576
1       21      2097152
1       22      4194304
1       23      8388608
1       24      16777216
1       25      33554432
1       26      67108864
1       27      134217728
1       28      268435456
1       29      536870912
1       30      1073741824
2       0       1
2       1       0
2       2       4
2       3       0
2       4       16
2       5       0
2       6       64
2       7       0
2       8       256
2       9       0
2       10      1024
2       11      0
2       12      4096
2       13      0
2       14      16384
2       15      0
2       16      65536
2       17      0
2       18      262144
2       19      0
2       20      1048576
2       21      0
2       22      4194304
2       23      0
2       24      16777216
2       25      0
2       26      67108864
2       27      0
2       28      268435456
2       29      0
2       30      1073741824
3       0       1
3       1       0
3       2       2
3       3       2
3       4       6
3       5       10
3       6       22
3       7       42
3       8       86
3       9       170
3       10      342
3       11      682
3       12      1366
3       13      2730
3       14      5462
3       15      10922
3       16      21846
3       17      43690
3       18      87382
3       19      174762
3       20      349526
3       21      699050
3       22      1398102
3       23      2796202
3       24      5592406
3       25      11184810
3       26      22369622
3       27      44739242
3       28      89478486
3       29      178956970
3       30      357913942
4       0       1
4       1       0
4       2       2
4       3       0
4       4       8
4       5       0
4       6       32
4       7       0
4       8       128
4       9       0
4       10      512
4       11      0
4       12      2048
4       13      0
4       14      8192
4       15      0
4       16      32768
4       17      0
4       18      131072
4       19      0
4       20      524288
4       21      0
4       22      2097152
4       23      0
4       24      8388608
4       25      0
4       26      33554432
4       27      0
4       28      134217728
4       29      0
4       30      536870912
5       0       1
5       1       0
5       2       2
5       3       0
5       4       6
5       5       2
5       6       20
5       7       14
5       8       70
5       9       72
5       10      254
5       11      330
5       12      948
5       13      1430
5       14      3614
5       15      6008
5       16      13990
5       17      24786
5       18      54740
5       19      101118
5       20      215766
5       21      409640
5       22      854702
5       23      1652090
5       24      3396916
5       25      6643782
5       26      13530350
5       27      26667864
5       28      53971350
5       29      106914242
5       30      215492564
6       0       1
6       1       0
6       2       2
6       3       0
6       4       6
6       5       0
6       6       22
6       7       0
6       8       86
6       9       0
6       10      342
6       11      0
6       12      1366
6       13      0
6       14      5462
6       15      0
6       16      21846
6       17      0
6       18      87382
6       19      0
6       20      349526
6       21      0
6       22      1398102
6       23      0
6       24      5592406
6       25      0
6       26      22369622
6       27      0
6       28      89478486
6       29      0
6       30      357913942
7       0       1
7       1       0
7       2       2
7       3       0
7       4       6
7       5       0
7       6       20
7       7       2
7       8       70
7       9       18
7       10      252
7       11      110
7       12      924
7       13      572
7       14      3434
7       15      2730
7       16      12902
7       17      12376
7       18      48926
7       19      54264
7       20      187036
7       21      232562
7       22      720062
7       23      980674
7       24      2789164
7       25      4086550
7       26      10861060
7       27      16878420
7       28      42484682
7       29      69242082
7       30      166823430
8       0       1
8       1       0
8       2       2
8       3       0
8       4       6
8       5       0
8       6       20
8       7       0
8       8       72
8       9       0
8       10      272
8       11      0
8       12      1056
8       13      0
8       14      4160
8       15      0
8       16      16512
8       17      0
8       18      65792
8       19      0
8       20      262656
8       21      0
8       22      1049600
8       23      0
8       24      4196352
8       25      0
8       26      16781312
8       27      0
8       28      67117056
8       29      0
8       30      268451840
9       0       1
9       1       0
9       2       2
9       3       0
9       4       6
9       5       0
9       6       20
9       7       0
9       8       70
9       9       2
9       10      252
9       11      22
9       12      924
9       13      156
9       14      3432
9       15      910
9       16      12870
9       17      4760
9       18      48622
9       19      23256
9       20      184796
9       21      108528
9       22      705894
9       23      490314
9       24      2708204
9       25      2163150
9       26      10430500
9       27      9373652
9       28      40313160
9       29      40060078
9       30      156305070
10      0       1
10      1       0
10      2       2
10      3       0
10      4       6
10      5       0
10      6       20
10      7       0
10      8       70
10      9       0
10      10      254
10      11      0
10      12      948
10      13      0
10      14      3614
10      15      0
10      16      13990
10      17      0
10      18      54740
10      19      0
10      20      215766
10      21      0
10      22      854702
10      23      0
10      24      3396916
10      25      0
10      26      13530350
10      27      0
10      28      53971350
10      29      0
10      30      215492564
11      0       1
11      1       0
11      2       2
11      3       0
11      4       6
11      5       0
11      6       20
11      7       0
11      8       70
11      9       0
11      10      252
11      11      2
11      12      924
11      13      26
11      14      3432
11      15      210
11      16      12870
11      17      1360
11      18      48620
11      19      7752
11      20      184756
11      21      40698
11      22      705434
11      23      201894
11      24      2704204
11      25      961400
11      26      10401250
11      27      4440150
11      28      40123152
11      29      20030010
11      30      155172330
12      0       1
12      1       0
12      2       2
12      3       0
12      4       6
12      5       0
12      6       20
12      7       0
12      8       70
12      9       0
12      10      252
12      11      0
12      12      926
12      13      0
12      14      3460
12      15      0
12      16      13110
12      17      0
12      18      50252
12      19      0
12      20      194446
12      21      0
12      22      758100
12      23      0
12      24      2973350
12      25      0
12      26      11716252
12      27      0
12      28      46333566
12      29      0
12      30      183739940
13      0       1
13      1       0
13      2       2
13      3       0
13      4       6
13      5       0
13      6       20
13      7       0
13      8       70
13      9       0
13      10      252
13      11      0
13      12      924
13      13      2
13      14      3432
13      15      30
13      16      12870
13      17      272
13      18      48620
13      19      1938
13      20      184756
13      21      11970
13      22      705432
13      23      67298
13      24      2704156
13      25      354200
13      26      10400602
13      27      1776060
13      28      40116656
13      29      8584290
13      30      155118390
14      0       1
14      1       0
14      2       2
14      3       0
14      4       6
14      5       0
14      6       20
14      7       0
14      8       70
14      9       0
14      10      252
14      11      0
14      12      924
14      13      0
14      14      3434
14      15      0
14      16      12902
14      17      0
14      18      48926
14      19      0
14      20      187036
14      21      0
14      22      720062
14      23      0
14      24      2789164
14      25      0
14      26      10861060
14      27      0
14      28      42484682
14      29      0
14      30      166823430
15      0       1
15      1       0
15      2       2
15      3       0
15      4       6
15      5       0
15      6       20
15      7       0
15      8       70
15      9       0
15      10      252
15      11      0
15      12      924
15      13      0
15      14      3432
15      15      2
15      16      12870
15      17      34
15      18      48620
15      19      342
15      20      184756
15      21      2660
15      22      705432
15      23      17710
15      24      2704156
15      25      106260
15      26      10400600
15      27      592020
15      28      40116600
15      29      3121560
15      30      155117522
16      0       1
16      1       0
16      2       2
16      3       0
16      4       6
16      5       0
16      6       20
16      7       0
16      8       70
16      9       0
16      10      252
16      11      0
16      12      924
16      13      0
16      14      3432
16      15      0
16      16      12872
16      17      0
16      18      48656
16      19      0
16      20      185136
16      21      0
16      22      708512
16      23      0
16      24      2725408
16      25      0
16      26      10532160
16      27      0
16      28      40870080
16      29      0
16      30      159189120
17      0       1
17      1       0
17      2       2
17      3       0
17      4       6
17      5       0
17      6       20
17      7       0
17      8       70
17      9       0
17      10      252
17      11      0
17      12      924
17      13      0
17      14      3432
17      15      0
17      16      12870
17      17      2
17      18      48620
17      19      38
17      20      184756
17      21      420
17      22      705432
17      23      3542
17      24      2704156
17      25      25300
17      26      10400600
17      27      161460
17      28      40116600
17      29      950040
17      30      155117520
18      0       1
18      1       0
18      2       2
18      3       0
18      4       6
18      5       0
18      6       20
18      7       0
18      8       70
18      9       0
18      10      252
18      11      0
18      12      924
18      13      0
18      14      3432
18      15      0
18      16      12870
18      17      0
18      18      48622
18      19      0
18      20      184796
18      21      0
18      22      705894
18      23      0
18      24      2708204
18      25      0
18      26      10430500
18      27      0
18      28      40313160
18      29      0
18      30      156305070
19      0       1
19      1       0
19      2       2
19      3       0
19      4       6
19      5       0
19      6       20
19      7       0
19      8       70
19      9       0
19      10      252
19      11      0
19      12      924
19      13      0
19      14      3432
19      15      0
19      16      12870
19      17      0
19      18      48620
19      19      2
19      20      184756
19      21      42
19      22      705432
19      23      506
19      24      2704156
19      25      4600
19      26      10400600
19      27      35100
19      28      40116600
19      29      237510
19      30      155117520
20      0       1
20      1       0
20      2       2
20      3       0
20      4       6
20      5       0
20      6       20
20      7       0
20      8       70
20      9       0
20      10      252
20      11      0
20      12      924
20      13      0
20      14      3432
20      15      0
20      16      12870
20      17      0
20      18      48620
20      19      0
20      20      184758
20      21      0
20      22      705476
20      23      0
20      24      2704708
20      25      0
20      26      10405800
20      27      0
20      28      40157550
20      29      0
20      30      155402532
21      0       1
21      1       0
21      2       2
21      3       0
21      4       6
21      5       0
21      6       20
21      7       0
21      8       70
21      9       0
21      10      252
21      11      0
21      12      924
21      13      0
21      14      3432
21      15      0
21      16      12870
21      17      0
21      18      48620
21      19      0
21      20      184756
21      21      2
21      22      705432
21      23      46
21      24      2704156
21      25      600
21      26      10400600
21      27      5850
21      28      40116600
21      29      47502
21      30      155117520
22      0       1
22      1       0
22      2       2
22      3       0
22      4       6
22      5       0
22      6       20
22      7       0
22      8       70
22      9       0
22      10      252
22      11      0
22      12      924
22      13      0
22      14      3432
22      15      0
22      16      12870
22      17      0
22      18      48620
22      19      0
22      20      184756
22      21      0
22      22      705434
22      23      0
22      24      2704204
22      25      0
22      26      10401250
22      27      0
22      28      40123152
22      29      0
22      30      155172330
23      0       1
23      1       0
23      2       2
23      3       0
23      4       6
23      5       0
23      6       20
23      7       0
23      8       70
23      9       0
23      10      252
23      11      0
23      12      924
23      13      0
23      14      3432
23      15      0
23      16      12870
23      17      0
23      18      48620
23      19      0
23      20      184756
23      21      0
23      22      705432
23      23      2
23      24      2704156
23      25      50
23      26      10400600
23      27      702
23      28      40116600
23      29      7308
23      30      155117520
24      0       1
24      1       0
24      2       2
24      3       0
24      4       6
24      5       0
24      6       20
24      7       0
24      8       70
24      9       0
24      10      252
24      11      0
24      12      924
24      13      0
24      14      3432
24      15      0
24      16      12870
24      17      0
24      18      48620
24      19      0
24      20      184756
24      21      0
24      22      705432
24      23      0
24      24      2704158
24      25      0
24      26      10400652
24      27      0
24      28      40117356
24      29      0
24      30      155125640
25      0       1
25      1       0
25      2       2
25      3       0
25      4       6
25      5       0
25      6       20
25      7       0
25      8       70
25      9       0
25      10      252
25      11      0
25      12      924
25      13      0
25      14      3432
25      15      0
25      16      12870
25      17      0
25      18      48620
25      19      0
25      20      184756
25      21      0
25      22      705432
25      23      0
25      24      2704156
25      25      2
25      26      10400600
25      27      54
25      28      40116600
25      29      812
25      30      155117520
26      0       1
26      1       0
26      2       2
26      3       0
26      4       6
26      5       0
26      6       20
26      7       0
26      8       70
26      9       0
26      10      252
26      11      0
26      12      924
26      13      0
26      14      3432
26      15      0
26      16      12870
26      17      0
26      18      48620
26      19      0
26      20      184756
26      21      0
26      22      705432
26      23      0
26      24      2704156
26      25      0
26      26      10400602
26      27      0
26      28      40116656
26      29      0
26      30      155118390
27      0       1
27      1       0
27      2       2
27      3       0
27      4       6
27      5       0
27      6       20
27      7       0
27      8       70
27      9       0
27      10      252
27      11      0
27      12      924
27      13      0
27      14      3432
27      15      0
27      16      12870
27      17      0
27      18      48620
27      19      0
27      20      184756
27      21      0
27      22      705432
27      23      0
27      24      2704156
27      25      0
27      26      10400600
27      27      2
27      28      40116600
27      29      58
27      30      155117520
28      0       1
28      1       0
28      2       2
28      3       0
28      4       6
28      5       0
28      6       20
28      7       0
28      8       70
28      9       0
28      10      252
28      11      0
28      12      924
28      13      0
28      14      3432
28      15      0
28      16      12870
28      17      0
28      18      48620
28      19      0
28      20      184756
28      21      0
28      22      705432
28      23      0
28      24      2704156
28      25      0
28      26      10400600
28      27      0
28      28      40116602
28      29      0
28      30      155117580
29      0       1
29      1       0
29      2       2
29      3       0
29      4       6
29      5       0
29      6       20
29      7       0
29      8       70
29      9       0
29      10      252
29      11      0
29      12      924
29      13      0
29      14      3432
29      15      0
29      16      12870
29      17      0
29      18      48620
29      19      0
29      20      184756
29      21      0
29      22      705432
29      23      0
29      24      2704156
29      25      0
29      26      10400600
29      27      0
29      28      40116600
29      29      2
29      30      155117520
30      0       1
30      1       0
30      2       2
30      3       0
30      4       6
30      5       0
30      6       20
30      7       0
30      8       70
30      9       0
30      10      252
30      11      0
30      12      924
30      13      0
30      14      3432
30      15      0
30      16      12870
30      17      0
30      18      48620
30      19      0
30      20      184756
30      21      0
30      22      705432
30      23      0
30      24      2704156
30      25      0
30      26      10400600
30      27      0
30      28      40116600
30      29      0
30      30      155117522